dim_4_var_2 = [
    [
        -0.025007073468299335,
        1.9926119250778047,
        0.009982489915072015,
        -0.765484379568063,
    ],
    [1.9926119250778047, 0.14061276368202563, 0.8031758857487893, -2.429674361387628],
    [0.009982489915072015, 0.8031758857487893, 0.1296241799600341, -2.382929332948433],
    [-0.765484379568063, -2.429674361387628, -2.382929332948433, -0.8883456176318066],
]

dim_4_var_4 = [
    [-3.041641970016212, 2.45350587199032, 1.4195271605366473, -2.8016742211965853],
    [2.45350587199032, 1.8620105748789693, 0.2321739313502416, 2.0119297371781815],
    [1.4195271605366473, 0.2321739313502416, 2.520194747029089, 2.996104854702917],
    [-2.8016742211965853, 2.0119297371781815, 2.996104854702917, 0.9951268116968641],
]

dim_4_var_6 = [
    [-1.6292952872037127, -0.04518453989607769, 2.3957066586388653, 3.060242960266281],
    [-0.04518453989607769, 2.1688288087887675, 2.4190764531813636, -3.831570758553554],
    [2.3957066586388653, 2.4190764531813636, 3.9348386438605867, 0.17536709385195443],
    [3.060242960266281, -3.831570758553554, 0.17536709385195443, -2.837081322772239],
]

dim_4_var_8 = [
    [0.6141047010063085, 2.286258494914723, -2.986928172517647, 4.7494644857502],
    [2.286258494914723, -3.249113833017625, -1.5401972473734105, -2.3012787559953654],
    [-2.986928172517647, -1.5401972473734105, 2.297330874348394, -1.9712078026176423],
    [4.7494644857502, -2.3012787559953654, -1.9712078026176423, 3.907524971410527],
]
